1.628395101884950735e+00 3.066963293020602332e+00 4.570893964024204337e+00
1.465555591696455551e+00 3.220311457671631850e+00 4.799438662225412600e+00
1.465555591696455107e+00 2.913615128369571039e+00 5.027983360426622639e+00
1.302716081507960144e+00 3.066963293020600112e+00 4.799438662225412600e+00
9.770370611309693309e-01 3.066963293020598336e+00 5.485072756829037388e+00
8.141975509424739244e-01 2.606918799067505788e+00 5.713617455030245651e+00
1.628395101884931861e-01 2.913615128369562157e+00 5.942162153231450361e+00
1.628395101884931861e-01 2.913615128369562157e+00 5.942162153231450361e+00
1.628395101884931861e-01 2.913615128369562157e+00 5.942162153231450361e+00
5.427983672949818761e-01 2.714830470488600156e+00 5.916768297875762528e+00
2.261659863729077458e-01 2.749854434020006178e+00 6.255353035951626950e+00
2.261659863729077458e-01 2.749854434020006178e+00 6.255353035951626950e+00
2.261659863729077458e-01 2.749854434020006178e+00 6.255353035951626950e+00
2.248257434906979491e-01 2.692918581392370836e+00 6.191084636594633928e+00
2.248257434906979491e-01 2.692918581392370836e+00 6.191084636594633928e+00
2.663593119758463912e-01 2.497533187906535446e+00 6.505947542712714693e+00
2.663593119758463912e-01 2.497533187906535446e+00 6.505947542712714693e+00
1.756199049877137375e-01 2.412731904760083701e+00 6.587377404445433626e+00
3.568551794587626613e-01 2.060315201531579099e+00 6.940731682536133818e+00
3.568551794587626613e-01 2.060315201531579099e+00 6.940731682536133818e+00
1.677852752997338603e-01 1.589146988294357854e+00 7.642675746118406721e+00
3.414294595880192906e-01 9.351646381215346082e-01 8.535114364325941949e+00
3.414294595880192906e-01 9.351646381215346082e-01 8.535114364325941949e+00
2.555220625282240698e-01 2.527269677340489018e-01 9.368385802709910948e+00
2.555220625282240698e-01 2.527269677340489018e-01 9.368385802709910948e+00
2.555220625282240698e-01 2.527269677340489018e-01 9.368385802709910948e+00
3.740439323081737877e-01 7.159407684708534170e-01 8.672418964746846370e+00
3.455188435091790522e-01 6.743599621818989753e-01 8.819917188267609731e+00
3.721434834515719992e-01 4.098370109920774218e-01 9.113464627206267821e+00
3.097120744755995081e-01 4.263864408078294477e-01 9.118493031391743386e+00
3.097120744755995081e-01 4.263864408078294477e-01 9.118493031391743386e+00
3.097120744755995081e-01 4.263864408078294477e-01 9.118493031391743386e+00
2.793388695769750685e-01 5.011486826169131437e-01 9.078842372701179997e+00
2.793388695769750685e-01 5.011486826169131437e-01 9.078842372701179997e+00
2.793388695769750685e-01 5.011486826169131437e-01 9.078842372701179997e+00
3.040386096299220187e-01 4.639511832596207030e-01 9.086678446706464740e+00
3.040386096299220187e-01 4.639511832596207030e-01 9.086678446706464740e+00
3.040386096299220187e-01 4.639511832596207030e-01 9.086678446706464740e+00
3.040386096299220187e-01 4.639511832596207030e-01 9.086678446706464740e+00
3.040386096299220187e-01 4.639511832596207030e-01 9.086678446706464740e+00
2.925107827741930677e-01 4.796788696304807864e-01 9.070887657502332502e+00
2.925107827741930677e-01 4.796788696304807864e-01 9.070887657502332502e+00
2.925107827741930677e-01 4.796788696304807864e-01 9.070887657502332502e+00
2.925107827741930677e-01 4.796788696304807864e-01 9.070887657502332502e+00
2.925107827741930677e-01 4.796788696304807864e-01 9.070887657502332502e+00
3.007198895115279491e-01 4.802974660864034462e-01 9.037625014977447080e+00
3.007198895115279491e-01 4.802974660864034462e-01 9.037625014977447080e+00
2.916933527972024320e-01 4.874521282727982685e-01 9.013635121886089507e+00
3.052932098986558263e-01 4.813695118684726548e-01 8.970144781285853242e+00
3.052932098986558263e-01 4.813695118684726548e-01 8.970144781285853242e+00
2.961162186727483991e-01 5.013284553500143570e-01 8.862139859222992300e+00
3.185921579769452894e-01 5.008954580544406898e-01 8.758624382742610237e+00
3.188627165484575476e-01 4.973899305098270496e-01 8.683689051239575463e+00
3.229846734008395837e-01 5.368748201773367867e-01 8.364163730633471516e+00
3.229846734008395837e-01 5.368748201773367867e-01 8.364163730633471516e+00
3.488398872734865819e-01 5.545855183893377838e-01 7.872782266908608051e+00
3.023336506666238765e-01 5.446269014543909659e-01 8.236278547740099043e+00
3.023336506666238765e-01 5.446269014543909659e-01 8.236278547740099043e+00
3.357802821506070678e-01 6.187976756599384842e-01 7.012527332330307672e+00
3.357802821506070678e-01 6.187976756599384842e-01 7.012527332330307672e+00
2.948314828590913317e-01 5.890343113523672791e-01 7.481487065829973915e+00
3.533375860580865169e-01 6.705833516017518647e-01 5.804055421717549734e+00
3.533375860580865169e-01 6.705833516017518647e-01 5.804055421717549734e+00
3.051816162795177867e-01 7.222940365453855982e-01 5.009936250434662952e+00
3.974293482829756030e-01 9.150804903535463275e-01 1.600465968040019504e+00
3.974293482829756030e-01 9.150804903535463275e-01 1.600465968040019504e+00
3.974293482829756030e-01 9.150804903535463275e-01 1.600465968040019504e+00
3.974293482829756030e-01 9.150804903535463275e-01 1.600465968040019504e+00
3.974293482829756030e-01 9.150804903535463275e-01 1.600465968040019504e+00
3.974293482829756030e-01 9.150804903535463275e-01 1.600465968040019504e+00
4.182966929024682923e-01 9.084918880848793510e-01 1.418818552517598919e+00
4.182966929024682923e-01 9.084918880848793510e-01 1.418818552517598919e+00
4.182966929024682923e-01 9.084918880848793510e-01 1.418818552517598919e+00
4.182966929024682923e-01 9.084918880848793510e-01 1.418818552517598919e+00
4.182966929024682923e-01 9.084918880848793510e-01 1.418818552517598919e+00
4.134969099482290744e-01 9.273698605628923897e-01 1.277907100972830445e+00
4.134969099482290744e-01 9.273698605628923897e-01 1.277907100972830445e+00
4.190615139726679983e-01 8.992039160782288043e-01 1.322759141384428183e+00
4.190615139726679983e-01 8.992039160782288043e-01 1.322759141384428183e+00
4.027149166603796182e-01 9.068936605693647124e-01 1.253857039569691967e+00
4.015324892810085977e-01 8.486615156198111798e-01 1.511629881256090435e+00
4.098091628252178431e-01 8.601517720714002557e-01 1.106590257714947789e+00
3.759335408212700624e-01 8.172991161041185393e-01 1.226558895771873825e+00
3.818453596067372668e-01 7.123250826566005500e-01 1.337064955603527672e+00
3.818453596067372668e-01 7.123250826566005500e-01 1.337064955603527672e+00
3.150201276653796789e-01 5.538431195528534801e-01 1.285622860749648488e+00
3.398831526186800733e-01 5.231613286588074896e-01 1.145352664999672143e+00
3.398831526186800733e-01 5.231613286588074896e-01 1.145352664999672143e+00
3.398831526186800733e-01 5.231613286588074896e-01 1.145352664999672143e+00
3.171395685515130403e-01 5.175810932502857842e-01 1.094753539720002777e+00
3.171395685515130403e-01 5.175810932502857842e-01 1.094753539720002777e+00
3.094753291831524589e-01 4.452178139341419483e-01 1.224046201241978604e+00
3.027574037348192970e-01 4.253185792114644315e-01 1.135740514664591583e+00
3.027574037348192970e-01 4.253185792114644315e-01 1.135740514664591583e+00
3.107416517553079349e-01 4.896152917660694381e-01 1.141506703130681144e+00
3.042283000918816205e-01 4.838979863352557698e-01 1.186045345031629505e+00
3.042283000918816205e-01 4.838979863352557698e-01 1.186045345031629505e+00
3.042641784871945587e-01 4.561342955572393887e-01 1.136598183244229121e+00
2.964819392117563068e-01 4.619640679007391837e-01 1.130132653926084307e+00
2.964819392117563068e-01 4.619640679007391837e-01 1.130132653926084307e+00
2.964819392117563068e-01 4.619640679007391837e-01 1.130132653926084307e+00
2.964819392117563068e-01 4.619640679007391837e-01 1.130132653926084307e+00
2.964819392117563068e-01 4.619640679007391837e-01 1.130132653926084307e+00
2.964819392117563068e-01 4.619640679007391837e-01 1.130132653926084307e+00
2.964819392117563068e-01 4.619640679007391837e-01 1.130132653926084307e+00
2.905076101952442924e-01 4.698262842259269823e-01 1.133123034075139479e+00
2.905076101952442924e-01 4.698262842259269823e-01 1.133123034075139479e+00
2.911845796487442239e-01 4.578938291629942037e-01 1.138832284079515311e+00
2.928456656797820967e-01 4.605867620095132065e-01 1.124767506669644979e+00
2.928456656797820967e-01 4.605867620095132065e-01 1.124767506669644979e+00
2.903493956197250037e-01 4.652555488136397854e-01 1.132886353710782501e+00
2.903493956197250037e-01 4.652555488136397854e-01 1.132886353710782501e+00
2.903493956197250037e-01 4.652555488136397854e-01 1.132886353710782501e+00
2.903493956197250037e-01 4.652555488136397854e-01 1.132886353710782501e+00
2.903799163206106648e-01 4.618968101537024862e-01 1.133132877972971464e+00
2.906317098673408261e-01 4.625314077976406812e-01 1.130975258057490329e+00
2.906317098673408261e-01 4.625314077976406812e-01 1.130975258057490329e+00
2.906785924387049747e-01 4.639673366927339893e-01 1.132475822315913039e+00
2.906785924387049747e-01 4.639673366927339893e-01 1.132475822315913039e+00
2.906785924387049747e-01 4.639673366927339893e-01 1.132475822315913039e+00
2.906785924387049747e-01 4.639673366927339893e-01 1.132475822315913039e+00
2.906785924387049747e-01 4.639673366927339893e-01 1.132475822315913039e+00
2.906785924387049747e-01 4.639673366927339893e-01 1.132475822315913039e+00
2.906785924387049747e-01 4.639673366927339893e-01 1.132475822315913039e+00
2.907049645823712725e-01 4.631218902553443373e-01 1.131901661845891471e+00
2.905837599747181921e-01 4.628875916330342788e-01 1.132103250825984508e+00
2.905837599747181921e-01 4.628875916330342788e-01 1.132103250825984508e+00
2.905837599747181921e-01 4.628875916330342788e-01 1.132103250825984508e+00
2.905837599747181921e-01 4.628875916330342788e-01 1.132103250825984508e+00
2.905807855023403441e-01 4.628692626496310192e-01 1.131948564686287018e+00
2.905807855023403441e-01 4.628692626496310192e-01 1.131948564686287018e+00
2.905807855023403441e-01 4.628692626496310192e-01 1.131948564686287018e+00
