1.628395101884950735e+00 3.066963293020602332e+00 4.570893964024204337e+00 1.333154395850818033e-02
1.709814856979198439e+00 3.066963293020602332e+00 4.570893964024204337e+00 1.333155166716598616e-02
1.628395101884950735e+00 3.220311457671632738e+00 4.570893964024204337e+00 1.333155038144708503e-02
1.628395101884950735e+00 3.066963293020602332e+00 4.799438662225414376e+00 1.333154565460845445e-02
1.546975346790703032e+00 3.169195402787955640e+00 4.723257096158343771e+00 1.333154146189081957e-02
1.465555591696455551e+00 3.220311457671631850e+00 4.799438662225412600e+00 1.333153589099413117e-02
1.519835428425953650e+00 3.015847238136925235e+00 4.875620228292483205e+00 1.333153328715948327e-02
1.465555591696455107e+00 2.913615128369571039e+00 5.027983360426622639e+00 1.333152422499646675e-02
1.411275754966957008e+00 3.066963293020600556e+00 4.799438662225412600e+00 1.333152384834651073e-02
1.302716081507960144e+00 3.066963293020600112e+00 4.799438662225412600e+00 1.333151229014846104e-02
1.194156408048963280e+00 3.066963293020599668e+00 5.180346492560760296e+00 1.333150289696420979e-02
9.770370611309693309e-01 3.066963293020598336e+00 5.485072756829037388e+00 1.333148002067179386e-02
1.031316897860467652e+00 2.811383018602214179e+00 5.408891190761968559e+00 1.333147423190320438e-02
8.141975509424739244e-01 2.606918799067505788e+00 5.713617455030245651e+00 1.333144098737468718e-02
5.970782040244806410e-01 2.913615128369564822e+00 5.637435888963175046e+00 1.333143280672862731e-02
1.628395101884931861e-01 2.913615128369562157e+00 5.942162153231450361e+00 1.333142224551619494e-02
-2.442490654175344389e-15 2.658034853951178000e+00 6.627796247835076926e+00 1.333144037505095379e-02
-3.256790203769929226e-01 2.385415894571566220e+00 6.703977813902145755e+00 1.333163141023947784e-02
6.513580407539787398e-01 2.896576443408340307e+00 5.789799021097314480e+00 1.333143807767558399e-02
-2.713991836474942687e-01 3.038565484751882373e+00 6.526220826412314935e+00 1.333160682887275794e-02
5.427983672949818761e-01 2.714830470488600156e+00 5.916768297875762528e+00 1.333141997771132223e-02
9.046639454916383105e-01 3.025313174226490709e+00 5.138023400301275245e+00 1.333146781634056942e-02
2.261659863729077458e-01 2.749854434020006178e+00 6.255353035951626950e+00 1.333141212037484633e-02
-3.015546484972353447e-02 2.688956911843772613e+00 6.286389970275246597e+00 1.333144930565481091e-02
4.809796643530531712e-01 2.844671560517198383e+00 5.913946758391797509e+00 1.333142142864407985e-02
6.704565018254685649e-01 2.625955848314307950e+00 6.115216574914674297e+00 1.333142845280141896e-02
2.897437580977370031e-01 2.841700308355748383e+00 5.985425758652256789e+00 1.333141409497144193e-02
2.248257434906979491e-01 2.692918581392370836e+00 6.191084636594633928e+00 1.333140907699921496e-02
9.674878305952039348e-02 2.617042091829957506e+00 6.329653575696051249e+00 1.333141725349176222e-02
-4.897470865408676266e-02 2.808151745356816775e+00 6.371140656256580215e+00 1.333146172582260446e-02
3.948550983077147025e-01 2.738160789205654311e+00 6.030361387470966505e+00 1.333141184187208728e-02
2.741541273498099285e-01 2.612255561389606129e+00 6.332440281359229317e+00 1.333140446051226356e-02
2.663593119758463912e-01 2.497533187906535446e+00 6.505947542712714693e+00 1.333139924113902267e-02
3.645274494765983198e-01 2.535887271649701180e+00 6.229576008567251577e+00 1.333140125352305291e-02
1.756199049877137375e-01 2.412731904760083701e+00 6.587377404445433626e+00 1.333139877565406653e-02
6.600230832771325495e-02 2.250017462537298840e+00 6.865885412932666299e+00 1.333140418264236460e-02
3.128453674694077202e-01 2.271182994818509382e+00 6.690849333888967188e+00 1.333138721653642431e-02
3.568551794587626613e-01 2.060315201531579099e+00 6.940731682536133818e+00 1.333137618368631164e-02
1.680288148049502439e-01 2.111166257815764613e+00 7.126461744562270439e+00 1.333138357468526339e-02
2.006432875251046855e-01 1.891942388165083422e+00 7.263766344983176637e+00 1.333136755224815194e-02
1.677852752997338603e-01 1.589146988294357854e+00 7.642675746118406721e+00 1.333134940745395181e-02
2.861596080545841247e-01 1.427687060334384306e+00 7.885868711032438583e+00 1.333133319313820064e-02
3.414294595880192906e-01 9.351646381215346082e-01 8.535114364325941949e+00 1.333129689930492336e-02
4.093511280927270013e-01 9.452516274825497611e-01 8.285886117424716701e+00 1.333129960291938240e-02
2.555220625282240698e-01 2.527269677340489018e-01 9.368385802709910948e+00 1.333128538657981157e-02
2.048555040629547186e-01 -6.510671491647164189e-01 1.058221286279679774e+01 1.333238728375411332e-02
5.030831581729131585e-01 -1.670514994022689326e-01 9.816915110188638494e+00 1.333144234101377168e-02
2.516097460180286571e-01 1.150097366370201213e+00 8.186235587135964664e+00 1.333131247433718379e-02
4.192586874546183617e-01 2.719981225218877086e-01 9.273355269171080550e+00 1.333128667549708136e-02
2.681223449545140358e-01 2.800819143576438464e-02 9.832017506713238930e+00 1.333133253319323044e-02
3.740439323081737877e-01 7.159407684708534170e-01 8.672418964746846370e+00 1.333128365902181214e-02
3.577869952726582259e-01 -1.080540656370079233e-01 9.674325660092616630e+00 1.333139499502402833e-02
3.455188435091790522e-01 6.743599621818989753e-01 8.819917188267609731e+00 1.333128088335010231e-02
2.307978714424329114e-01 8.233536764026465615e-01 8.633792701311829632e+00 1.333128957381475924e-02
3.721434834515719992e-01 4.098370109920774218e-01 9.113464627206267821e+00 1.333127691968370200e-02
4.722821103177258228e-01 9.473648600291710853e-01 8.368814717437240702e+00 1.333130371284245441e-02
3.097120744755995081e-01 4.263864408078294477e-01 9.118493031391743386e+00 1.333127517572111655e-02
3.108723353160598446e-01 2.911148408503503315e-01 9.362164266496900922e+00 1.333128161432080294e-02
3.266652345640883026e-01 3.973213227554761584e-01 9.189727941059388172e+00 1.333127610735851051e-02
3.268283514849941174e-01 1.480032208550231543e-01 9.461206544837324373e+00 1.333130083776221109e-02
3.408462205031328462e-01 5.427707768501800478e-01 8.980239527410038392e+00 1.333127615052519255e-02
2.793388695769750685e-01 5.011486826169131437e-01 9.078842372701179997e+00 1.333127502650892360e-02
2.329365626396766586e-01 5.468045184293309768e-01 9.061531245448637861e+00 1.333127673047631093e-02
2.696312319079757769e-01 3.404668539366324520e-01 9.277802702691502645e+00 1.333127823682522806e-02
3.230424733543435512e-01 4.921947961217931766e-01 9.054630321230405343e+00 1.333127511210490355e-02
2.813970437071904862e-01 5.491652902755477239e-01 8.978249209156164312e+00 1.333127570261366003e-02
2.927140914214149126e-01 5.112042983955298325e-01 9.031118892131971165e+00 1.333127503049836779e-02
2.870182150928895504e-01 5.766454106149945247e-01 8.991234692650628801e+00 1.333127648888905378e-02
3.040386096299220187e-01 4.639511832596207030e-01 9.086678446706464740e+00 1.333127482357372370e-02
2.610185737311977450e-01 4.920079800595826836e-01 9.076462819796006443e+00 1.333127512817640359e-02
3.075364984485571274e-01 4.921480921062405534e-01 9.060088445871805618e+00 1.333127493190087477e-02
3.012285603488878971e-01 4.602943402596531008e-01 9.119287284720996922e+00 1.333127487463206529e-02
3.291969093746029973e-01 4.431137278000963908e-01 9.098527078831663673e+00 1.333127524317032075e-02
2.918033795263820229e-01 4.866399439127089277e-01 9.083763549233800916e+00 1.333127486118685159e-02
2.905105345549041651e-01 4.484422195150813417e-01 9.133064407902370618e+00 1.333127490971618145e-02
2.947670255283174057e-01 4.593686876628711446e-01 9.114820417394728480e+00 1.333127484187828470e-02
2.925107827741930677e-01 4.796788696304807864e-01 9.070887657502332502e+00 1.333127479003363459e-02
2.881518939868457085e-01 4.893711343158946292e-01 9.046687843893000291e+00 1.333127480752216952e-02
3.024075657619063051e-01 4.486925497892728654e-01 9.097827465168549566e+00 1.333127487230113817e-02
2.944544260852630657e-01 4.771530953818499121e-01 9.087279528217488078e+00 1.333127481418215285e-02
2.992355201312680291e-01 4.878200778517630121e-01 9.048410004222795067e+00 1.333127481620002310e-02
2.867618763638940527e-01 4.991501786497750670e-01 9.051039679921945691e+00 1.333127491584642013e-02
2.997194263134150272e-01 4.727509321071592940e-01 9.077768755010335866e+00 1.333127479520631112e-02
2.918875699839794113e-01 4.652351868945636126e-01 9.108880622930644932e+00 1.333127482360181235e-02
2.973985325944458746e-01 4.821738551124631345e-01 9.063527658899758421e+00 1.333127480030840695e-02
2.986314017027730250e-01 4.792493425182189348e-01 9.054176519390795264e+00 1.333127476889689814e-02
3.007198895115279491e-01 4.802974660864034462e-01 9.037625014977447080e+00 1.333127474989929083e-02
2.979015331383115250e-01 4.729776567702325130e-01 9.060659959426985210e+00 1.333127475285183008e-02
2.943687106359400008e-01 4.825517295509185733e-01 9.035012999594172811e+00 1.333127473508884109e-02
2.916933527972024320e-01 4.874521282727982685e-01 9.013635121886089507e+00 1.333127472172504144e-02
3.010324008571682031e-01 4.808059644558086987e-01 9.003725740024680846e+00 1.333127468369580890e-02
3.052932098986558263e-01 4.813695118684726548e-01 8.970144781285853242e+00 1.333127464343259252e-02
3.005694349999459836e-01 4.931017473815503260e-01 8.953609986005940158e+00 1.333127466975580697e-02
2.976507756190082121e-01 4.943181255954773867e-01 8.920634911141142709e+00 1.333127459847744181e-02
2.961162186727483991e-01 5.013284553500143570e-01 8.862139859222992300e+00 1.333127454460853421e-02
3.096258895836976333e-01 4.964143481272265124e-01 8.843627962457102143e+00 1.333127453337067982e-02
3.185921579769452894e-01 5.008954580544406898e-01 8.758624382742610237e+00 1.333127450210682373e-02
3.127649560322869893e-01 4.959605361337348084e-01 8.773662696161697028e+00 1.333127440738304283e-02
3.188627165484575476e-01 4.973899305098270496e-01 8.683689051239575463e+00 1.333127429784480844e-02
3.170875189001116645e-01 5.183730507410487798e-01 8.566157414184264240e+00 1.333127429624382000e-02
3.229846734008395837e-01 5.368748201773367867e-01 8.364163730633471516e+00 1.333127425943050025e-02
3.441768132780799183e-01 5.221116838110553271e-01 8.342178250520777993e+00 1.333127435029624920e-02
3.387573108413061140e-01 5.366888316110387525e-01 8.168062972186607595e+00 1.333127407133025480e-02
3.488398872734865819e-01 5.545855183893377838e-01 7.872782266908608051e+00 1.333127396788884311e-02
3.162813715371092238e-01 5.371218289066124196e-01 8.271578448666993211e+00 1.333127393921234617e-02
3.023336506666238765e-01 5.446269014543909659e-01 8.236278547740099043e+00 1.333127389063968118e-02
3.305760910121757767e-01 5.933348961708833080e-01 7.631793978948543611e+00 1.333127404375165567e-02
3.315150792340179065e-01 5.914900571657379924e-01 7.463072798431362287e+00 1.333127348616511623e-02
3.357802821506070678e-01 6.187976756599384842e-01 7.012527332330307672e+00 1.333127310923993593e-02
3.273931223816358704e-01 5.520051674982282552e-01 7.782598119037466233e+00 1.333127315987007663e-02
2.948314828590913317e-01 5.890343113523672791e-01 7.481487065829973915e+00 1.333127304682719949e-02
2.678272806518937621e-01 6.062587078338821378e-01 7.285839465290656847e+00 1.333127318106682238e-02
3.363362742609322664e-01 6.285978682192983058e-01 6.614796463725065578e+00 1.333127203679783726e-02
3.533375860580865169e-01 6.705833516017518647e-01 5.804055421717549734e+00 1.333127073686236549e-02
3.285731116635540738e-01 7.002717249111434228e-01 5.749448427547754648e+00 1.333127139019610330e-02
3.153811715698808804e-01 6.877952495835699676e-01 5.677466611066543933e+00 1.333127014904044935e-02
3.051816162795177867e-01 7.222940365453855982e-01 5.009936250434662952e+00 1.333126794082035473e-02
3.632300598083475496e-01 8.063984306864866447e-01 3.560806333970004900e+00 1.333126187848246089e-02
3.974293482829756030e-01 9.150804903535463275e-01 1.600465968040019504e+00 1.333124411264996478e-02
3.753925887501659009e-01 8.383668607559791042e-01 2.526856665913733480e+00 1.333125135299920161e-02
3.653314494836863435e-01 9.799109068348554885e-01 2.874505012080605937e-01 1.333129265648947889e-02
3.563360519144864735e-01 7.479152404100277707e-01 4.424904191590177227e+00 1.333126611735594227e-02
4.475903763522341983e-01 9.452810244676499440e-01 6.915482999279563003e-01 1.333125331307450853e-02
4.572721570090972909e-01 1.051237009974755887e+00 -1.212323569002371038e+00 1.333732147304906267e-02
3.815700781881391501e-01 8.237456828012097443e-01 3.015597251442040161e+00 1.333125727319659469e-02
4.320381307354446143e-01 9.754065675835739135e-01 1.969833711457660286e-01 1.333131443992969026e-02
3.941870913249655439e-01 8.616609039968008421e-01 2.310943781367971628e+00 1.333125056278418839e-02
3.304156425531705743e-01 7.981244789365677939e-01 3.600629310286526774e+00 1.333126089980074189e-02
4.182966929024682923e-01 9.084918880848793510e-01 1.418818552517598919e+00 1.333124257217172849e-02
4.312161662567738363e-01 9.517886608675052429e-01 1.026628868703326702e+00 1.333124518870448805e-02
4.371077136365130178e-01 9.885797888738199202e-01 3.863318114726581598e-01 1.333128122320429917e-02
4.049172469028524124e-01 8.933906252160556116e-01 1.829790788894143372e+00 1.333124607622347170e-02
4.263775580586261493e-01 9.568500676545651507e-01 8.674848039464864158e-01 1.333124734046638692e-02
4.102823246917958189e-01 9.092554858256829409e-01 1.589214292657229244e+00 1.333124416212773909e-02
3.861227443280527138e-01 8.700965819752337627e-01 2.045703673439904779e+00 1.333124679757535444e-02
4.199428107745935557e-01 9.313656411444373173e-01 1.281397569887471111e+00 1.333124321724561169e-02
4.134969099482290744e-01 9.273698605628923897e-01 1.277907100972830445e+00 1.333124256311666103e-02
4.151042025764457577e-01 9.364270479314971141e-01 1.122253505130631268e+00 1.333124284906272647e-02
4.370615941338850119e-01 9.297377695079265258e-01 1.051616180878581108e+00 1.333124374844711982e-02
4.271535326711576319e-01 9.260734497193314763e-01 1.188828627668940818e+00 1.333124280437960815e-02
4.193552795733098137e-01 9.099244911002983827e-01 1.308971950885442492e+00 1.333124179438273382e-02
4.190615139726679983e-01 8.992039160782288043e-01 1.322759141384428183e+00 1.333124110058275281e-02
4.067498785444192411e-01 8.973036600980022204e-01 1.490827902247631176e+00 1.333124193611264809e-02
4.079088420744091392e-01 9.074264030745362586e-01 1.308844210552327469e+00 1.333124102374089529e-02
4.027149166603796182e-01 9.068936605693647124e-01 1.253857039569691967e+00 1.333124039419721941e-02
4.055206295034153863e-01 8.748976306008382497e-01 1.433722287828337105e+00 1.333123966042208154e-02
4.015324892810085977e-01 8.486615156198111798e-01 1.511629881256090435e+00 1.333123848731718533e-02
4.087894013982850128e-01 8.725357347469342439e-01 1.234669472559175585e+00 1.333123813377017075e-02
4.098091628252178431e-01 8.601517720714002557e-01 1.106590257714947789e+00 1.333123709272134895e-02
3.903095318717360040e-01 8.446007160954887016e-01 1.258625644309391944e+00 1.333123544429866761e-02
3.759335408212700624e-01 8.172991161041185393e-01 1.226558895771873825e+00 1.333123285763928613e-02
3.888018786246180136e-01 7.771812752941886782e-01 1.309328983592249251e+00 1.333123125330017492e-02
3.818453596067372668e-01 7.123250826566005500e-01 1.337064955603527672e+00 1.333122733137533621e-02
3.768595528878081469e-01 7.445224649349351242e-01 9.351795248041425701e-01 1.333122931867234892e-02
3.466164727186590300e-01 6.559460037257023313e-01 1.225945326404748403e+00 1.333122258215061785e-02
3.150201276653796789e-01 5.538431195528534801e-01 1.285622860749648488e+00 1.333121848580921809e-02
3.398831526186800733e-01 5.231613286588074896e-01 1.145352664999672143e+00 1.333121773563069289e-02
3.218579585173850788e-01 3.760924349361518537e-01 1.104749549613571524e+00 1.333121826087022531e-02
3.143062070393898289e-01 4.483638889772392222e-01 1.576847462764423113e+00 1.333122015223849391e-02
2.642942986088957502e-01 3.045871421359995779e-01 1.334817036738968010e+00 1.333122278390688406e-02
2.936820638583561571e-01 4.065216272661498209e-01 1.335379016455108037e+00 1.333121802227287857e-02
3.180840223888874441e-01 5.406534946746346382e-01 9.340555653718625173e-01 1.333121892185073001e-02
3.171395685515130403e-01 5.175810932502857842e-01 1.094753539720002777e+00 1.333121725346233036e-02
3.187830623536531682e-01 4.109995798973086201e-01 1.098033953366873483e+00 1.333121729212148956e-02
3.568551251575413641e-01 5.613063739381182193e-01 8.900477556025907511e-01 1.333122101013521979e-02
3.094753291831524589e-01 4.452178139341419483e-01 1.224046201241978604e+00 1.333121691035131506e-02
2.903821541068657419e-01 3.927043293956834491e-01 1.132536464552897915e+00 1.333121748372203576e-02
3.027574037348192970e-01 4.253185792114644315e-01 1.135740514664591583e+00 1.333121686078540293e-02
3.007984719593367329e-01 5.144120776999528966e-01 1.204992883717508345e+00 1.333121713593122572e-02
2.915479013666926189e-01 4.057178873134204000e-01 1.281766193362716244e+00 1.333121766113354832e-02
3.107416517553079349e-01 4.896152917660694381e-01 1.141506703130681144e+00 1.333121678737983137e-02
3.145177844895163943e-01 3.923557122411643894e-01 1.129202728973992542e+00 1.333121763864249763e-02
3.042283000918816205e-01 4.838979863352557698e-01 1.186045345031629505e+00 1.333121675491434968e-02
3.023429078715201834e-01 4.873367576077177743e-01 1.084815507309289551e+00 1.333121676111443353e-02
3.087845027443204549e-01 5.485814445945642603e-01 1.139171188983141736e+00 1.333121776862723241e-02
3.042641784871945587e-01 4.561342955572393887e-01 1.136598183244229121e+00 1.333121662504543892e-02
2.964819392117563068e-01 4.619640679007391837e-01 1.130132653926084307e+00 1.333121657756632973e-02
2.893520829399804928e-01 4.481384559680741120e-01 1.124445629323786111e+00 1.333121660953880648e-02
3.009733706557013999e-01 4.473274755877718611e-01 1.217035280825339072e+00 1.333121680664945373e-02
3.020005235675654598e-01 4.773344371027312683e-01 1.117870450688301931e+00 1.333121664038209100e-02
2.976027940857959297e-01 4.463905473718840500e-01 1.070355513540780734e+00 1.333121673629499883e-02
2.992591705873173802e-01 4.557674071127270077e-01 1.099277971413492816e+00 1.333121662679462825e-02
2.980030019566133337e-01 4.385760766110724518e-01 1.126135421700902084e+00 1.333121668941747787e-02
3.010011431648274005e-01 4.676448469798165641e-01 1.119936693441451858e+00 1.333121660334253902e-02
3.019056699885347972e-01 4.680613998458030833e-01 1.158500382327684042e+00 1.333121662129132558e-02
2.953283230895511480e-01 4.756459142603332024e-01 1.135781636552584795e+00 1.333121659946868119e-02
2.933019336555551804e-01 4.687751529147896612e-01 1.098733606952396746e+00 1.333121660595529799e-02
2.954528677388000846e-01 4.685967146475429890e-01 1.113675300796218348e+00 1.333121658855575611e-02
2.905076101952442924e-01 4.698262842259269823e-01 1.133123034075139479e+00 1.333121657511967748e-02
2.852608437104526828e-01 4.709170028489821913e-01 1.139716204391983290e+00 1.333121658645615958e-02
2.929666216743159746e-01 4.579454635891395675e-01 1.115505689312376925e+00 1.333121658211933701e-02
2.911845796487442239e-01 4.578938291629942037e-01 1.138832284079515311e+00 1.333121657403546143e-02
2.890504356037162381e-01 4.525423864207197555e-01 1.151410775721164015e+00 1.333121659694080398e-02
2.924827976961805742e-01 4.685106572706341233e-01 1.152552958741449141e+00 1.333121658317755823e-02
2.928456656797820967e-01 4.605867620095132065e-01 1.124767506669644979e+00 1.333121657230705581e-02
2.865432978040907686e-01 4.635738490315503002e-01 1.134349229290115835e+00 1.333121657235688054e-02
2.898747518931671374e-01 4.515433425767781950e-01 1.132176312617711122e+00 1.333121659130687663e-02
2.903493956197250037e-01 4.652555488136397854e-01 1.132886353710782501e+00 1.333121656863841750e-02
2.886409930869876517e-01 4.683836107401413984e-01 1.122503109034180380e+00 1.333121657612594026e-02
2.905486830083050531e-01 4.605162745572810024e-01 1.134749990318181467e+00 1.333121656921703105e-02
2.959525317344506301e-01 4.606652078887389923e-01 1.127253337842290426e+00 1.333121657743933063e-02
2.888956062866807617e-01 4.628466887458474455e-01 1.132575256428159483e+00 1.333121656868399910e-02
2.870167909300250786e-01 4.651589127349989861e-01 1.142040226968437322e+00 1.333121657397672542e-02
2.913884469923428422e-01 4.617297996908846791e-01 1.129085686744343064e+00 1.333121656894728502e-02
2.898736162575273889e-01 4.660384169429669377e-01 1.128281540937341898e+00 1.333121656995305861e-02
2.903799163206106648e-01 4.618968101537024862e-01 1.133132877972971464e+00 1.333121656823295885e-02
2.883614984923347779e-01 4.649362321179085766e-01 1.136643971996932567e+00 1.333121657006772556e-02
2.906317098673408261e-01 4.625314077976406812e-01 1.130975258057490329e+00 1.333121656796452947e-02
2.920117415851034570e-01 4.636091557641413008e-01 1.132087736732670047e+00 1.333121656842015113e-02
2.916661828956448876e-01 4.601027003300166007e-01 1.131244228131305096e+00 1.333121657003869844e-02
2.906785924387049747e-01 4.639673366927339893e-01 1.132475822315913039e+00 1.333121656792130016e-02
2.891150708326675201e-01 4.619878806652434333e-01 1.132301568831579841e+00 1.333121656871582260e-02
2.912875738969944450e-01 4.632038369894168062e-01 1.132141194757397606e+00 1.333121656802078135e-02
2.913520011480827954e-01 4.645715774994919056e-01 1.130595305447562371e+00 1.333121656856282866e-02
2.906229375274786975e-01 4.625655019901498410e-01 1.132498484841619302e+00 1.333121656802596124e-02
2.911089799412147627e-01 4.639028856630445508e-01 1.131229698578914533e+00 1.333121656801317459e-02
2.903252809345125973e-01 4.637305831128626377e-01 1.130979324544147513e+00 1.333121656819193090e-02
2.910470006563740109e-01 4.633355235202782918e-01 1.131850727204084972e+00 1.333121656799328945e-02
2.904625553670651117e-01 4.626532930107241648e-01 1.132304839806077545e+00 1.333121656795810059e-02
2.901349044590333381e-01 4.627658348137876354e-01 1.131986552915568822e+00 1.333121656814404907e-02
2.908189766070388149e-01 4.631931013436556555e-01 1.131884683631955824e+00 1.333121656797134867e-02
2.903629285083685341e-01 4.629082569904102717e-01 1.131952596487697971e+00 1.333121656804825417e-02
2.907049645823712725e-01 4.631218902553443373e-01 1.131901661845891471e+00 1.333121656784878352e-02
2.905990317247533761e-01 4.639636055082276833e-01 1.133479624587764523e+00 1.333121656816790498e-02
2.906235403316939636e-01 4.628894572252874040e-01 1.131601349690058989e+00 1.333121656801101659e-02
2.906917785105381236e-01 4.635446134740391910e-01 1.132188742080902255e+00 1.333121656796882638e-02
2.905837599747181921e-01 4.628875916330342788e-01 1.132103250825984508e+00 1.333121656782596323e-02
2.906683372248560771e-01 4.628266490264925093e-01 1.131438459951690900e+00 1.333121656790765830e-02
2.906129293440922745e-01 4.623461404692081889e-01 1.131440173001475813e+00 1.333121656794147847e-02
2.906326416357037923e-01 4.626457587204159672e-01 1.131627315271332312e+00 1.333121656788502016e-02
2.906125735703394275e-01 4.629435113793706202e-01 1.132316358677114776e+00 1.333121656818360423e-02
2.906543963112269147e-01 4.628558646147120648e-01 1.131657934633046869e+00 1.333121656797505404e-02
2.906443622785447323e-01 4.630047409441893080e-01 1.132002456335937879e+00 1.333121656800147214e-02
2.906082008052109922e-01 4.627666751767250952e-01 1.131865283048658410e+00 1.333121656803126255e-02
2.906260485997871346e-01 4.628571203297633940e-01 1.131770855388837704e+00 1.333121656789570605e-02
2.906279130968223434e-01 4.630662934279329290e-01 1.132052425318515132e+00 1.333121656798987378e-02
2.905807855023403441e-01 4.628692626496310192e-01 1.131948564686287018e+00 1.333121656777979183e-02
2.905489971142380945e-01 4.628015235023519303e-01 1.131921618861461809e+00 1.333121656798375021e-02
2.905658162877414741e-01 4.626763563136861990e-01 1.131829355282224059e+00 1.333121656798447532e-02
2.905813404900117192e-01 4.627738405922478537e-01 1.131885122791296716e+00 1.333121656797384147e-02
2.906123888945520983e-01 4.629688091493712743e-01 1.131996657809442475e+00 1.333121656810290143e-02
2.905891025911467862e-01 4.628225827315287089e-01 1.131913006545833156e+00 1.333121656803749888e-02
2.905822727385292681e-01 4.628784271413326490e-01 1.132025907756135652e+00 1.333121656805653921e-02
2.906034170510637393e-01 4.628631914896972344e-01 1.131859710037562472e+00 1.333121656803819798e-02
2.905810629961760316e-01 4.628215516209394087e-01 1.131916843738791867e+00 1.333121656818367709e-02
