1.628395101884950735e+00 3.066963293020602332e+00 4.570893964024204337e+00 1.333154395850818033e-02
1.630023496986835685e+00 3.066963293020602332e+00 4.570893964024204337e+00 1.333154411519994406e-02
1.628395101884950735e+00 3.070030256313622807e+00 4.570893964024204337e+00 1.333154409070427468e-02
1.628395101884950735e+00 3.066963293020602332e+00 4.575464857988228218e+00 1.333154399383197977e-02
5.999652420642187511e-01 8.578201215183738348e-01 2.354859616617729579e+00 1.333126589787721715e-02
6.009652420642187520e-01 8.578201215183738348e-01 2.354859616617729579e+00 1.333126599143950354e-02
5.999652420642187511e-01 8.588201215183738357e-01 2.354859616617729579e+00 1.333126596755406304e-02
5.999652420642187511e-01 8.578201215183738348e-01 2.357214476234347433e+00 1.333126593290012186e-02
3.665247347580398163e-01 5.385703527187331030e-01 2.296257087280670017e+00 1.333123272483472711e-02
3.675247347580398172e-01 5.385703527187331030e-01 2.296257087280670017e+00 1.333123275954632356e-02
3.665247347580398163e-01 5.395703527187331039e-01 2.296257087280670017e+00 1.333123274729242601e-02
3.665247347580398163e-01 5.385703527187331030e-01 2.298553344367950668e+00 1.333123275941254515e-02
3.000444692005398428e-01 4.683546206038584625e-01 2.298484756425319020e+00 1.333123053357936592e-02
3.010444692005398437e-01 4.683546206038584625e-01 2.298484756425319020e+00 1.333123053869158213e-02
3.000444692005398428e-01 4.693546206038584634e-01 2.298484756425319020e+00 1.333123053545348657e-02
3.000444692005398428e-01 4.683546206038584625e-01 2.300783241181744376e+00 1.333123056805795258e-02
2.906432143533069778e-01 4.631649493555139441e-01 2.298395862179394289e+00 1.333123050470614614e-02
2.916432143533069787e-01 4.631649493555139441e-01 2.298395862179394289e+00 1.333123050499719110e-02
2.906432143533069778e-01 4.641649493555139450e-01 2.298395862179394289e+00 1.333123050484353103e-02
2.906432143533069778e-01 4.631649493555139441e-01 2.300694258041573903e+00 1.333123053919431367e-02
2.905757786149286703e-01 4.632487154500963267e-01 2.298392646740860190e+00 1.333123050461722595e-02
2.915757786149286712e-01 4.632487154500963267e-01 2.298392646740860190e+00 1.333123050487368400e-02
2.905757786149286703e-01 4.642487154500963276e-01 2.298392646740860190e+00 1.333123050478358940e-02
2.905757786149286703e-01 4.632487154500963267e-01 2.300691039387601222e+00 1.333123053919058054e-02
2.905758654536573782e-01 4.632445856468839218e-01 2.298393353329712063e+00 1.333123050470338099e-02
2.905758453518789697e-01 4.632476825121982777e-01 2.298392731323857241e+00 1.333123050461733350e-02
2.905758132411419559e-01 4.632484574813000022e-01 2.298392665426770787e+00 1.333123050461728840e-02
2.905757904445964712e-01 4.632486510359941079e-01 2.298392651275950271e+00 1.333123050461725023e-02
2.905757818699097328e-01 4.632486993554968957e-01 2.298392647866133398e+00 1.333123050461728319e-02
